2281175
2287359
2285772
2274082
2268999
2282984
2264113
2265685
2274841
2249007
2279736
2271578
2289253
2279938
2274088
1366856
2272782
2265417
2283024
2288635
2288910
2289405
2282175
2288837
2235945
2269978
2284119
2287661
2266942
2283865
2285845
2287585
2265215
2266583
2269179
2266101
2265454
2274830
2274637
2265690
2268082
2283739
2273945
2272538
2280824
2279443
2285280
1368626
2271201
2279688
2283695
2284143
2283493
2275708
2281597
2285437
2263686
2273257
2271032
2274547
2266908
2271235
2279558
1661008
2281781
2285740
2263974
2269919
2281185
2282590
2267418
2284537
2289225
2273048
2273764
2271500
2274612
2269152
2275629
2282307
2272155